# step, acceptance, delta_H
1, -79.2463, 1
1, 1, -79.2463
2, -44.308, 1
2, 1, -44.308
3, -28.745, 1
3, 1, -28.745
4, -19.8037, 1
4, 1, -19.8037
5, -12.6357, 1
5, 1, -12.6357
6, -10.4922, 1
6, 1, -10.4922
7, -8.76302, 1
7, 1, -8.76302
8, -3.24339, 1
8, 1, -3.24339
9, -4.23531, 1
9, 1, -4.23531
10, -0.969095, 1
10, 1, -0.969095
11, -2.11462, 1
11, 1, -2.11462
12, -1.55117, 1
12, 1, -1.55117
13, -0.964426, 1
13, 1, -0.964426
14, -1.4184, 1
14, 1, -1.4184
15, 1.59975, 0.9375
15, 0.9375, 1.59975
16, -0.685131, 0.941176
16, 0.941176, -0.685131
17, -0.618978, 0.944444
17, 0.944444, -0.618978
18, -0.710475, 0.947368
18, 0.947368, -0.710475
19, -0.469081, 0.95
19, 0.95, -0.469081
20, -1.14142, 0.952381
20, 0.952381, -1.14142
21, -1.4195, 0.954545
21, 0.954545, -1.4195
22, -1.14888, 0.956522
22, 0.956522, -1.14888
23, 0.323027, 0.916667
23, 0.916667, 0.323027
24, 0.187263, 0.92
24, 0.92, 0.187263
25, 1.17845, 0.884615
25, 0.884615, 1.17845
26, 0.0582096, 0.888889
26, 0.888889, 0.0582096
27, 1.86151, 0.892857
27, 0.892857, 1.86151
28, -0.796844, 0.896552
28, 0.896552, -0.796844
29, 0.558302, 0.9
29, 0.9, 0.558302
30, 1.06004, 0.870968
30, 0.870968, 1.06004
31, 2.09311, 0.84375
31, 0.84375, 2.09311
32, 1.4501, 0.848485
32, 0.848485, 1.4501
33, -1.27394, 0.852941
33, 0.852941, -1.27394
34, 2.33445, 0.857143
34, 0.857143, 2.33445
35, -1.05046, 0.861111
35, 0.861111, -1.05046
36, 1.49737, 0.837838
36, 0.837838, 1.49737
37, -0.794616, 0.842105
37, 0.842105, -0.794616
38, -0.306302, 0.846154
38, 0.846154, -0.306302
39, 0.940151, 0.85
39, 0.85, 0.940151
40, 0.769889, 0.829268
40, 0.829268, 0.769889
41, -1.74464, 0.833333
41, 0.833333, -1.74464
42, 0.785371, 0.837209
42, 0.837209, 0.785371
43, 1.72433, 0.840909
43, 0.840909, 1.72433
44, -0.0110306, 0.844444
44, 0.844444, -0.0110306
45, -1.39408, 0.847826
45, 0.847826, -1.39408
46, 0.204994, 0.851064
46, 0.851064, 0.204994
47, 0.95239, 0.854167
47, 0.854167, 0.95239
48, 0.0669808, 0.857143
48, 0.857143, 0.0669808
49, 0.850927, 0.86
49, 0.86, 0.850927
50, -0.0155383, 0.862745
50, 0.862745, -0.0155383
51, 0.765509, 0.846154
51, 0.846154, 0.765509
52, 1.08761, 0.830189
52, 0.830189, 1.08761
53, 0.570573, 0.814815
53, 0.814815, 0.570573
54, 0.216229, 0.818182
54, 0.818182, 0.216229
55, 0.160998, 0.821429
55, 0.821429, 0.160998
56, -0.164772, 0.824561
56, 0.824561, -0.164772
57, 1.12613, 0.810345
57, 0.810345, 1.12613
58, 0.39915, 0.813559
58, 0.813559, 0.39915
59, 0.870402, 0.8
59, 0.8, 0.870402
60, 0.920058, 0.786885
60, 0.786885, 0.920058
61, -0.3896, 0.790323
61, 0.790323, -0.3896
62, 1.50747, 0.777778
62, 0.777778, 1.50747
63, -0.148194, 0.78125
63, 0.78125, -0.148194
64, -1.61456, 0.784615
64, 0.784615, -1.61456
65, 0.00952036, 0.787879
65, 0.787879, 0.00952036
66, 1.12804, 0.776119
66, 0.776119, 1.12804
67, 1.49733, 0.779412
67, 0.779412, 1.49733
68, 1.00955, 0.768116
68, 0.768116, 1.00955
69, 1.88671, 0.757143
69, 0.757143, 1.88671
70, -1.61353, 0.760563
70, 0.760563, -1.61353
71, 0.487037, 0.763889
71, 0.763889, 0.487037
72, 0.963638, 0.767123
72, 0.767123, 0.963638
73, 0.031686, 0.77027
73, 0.77027, 0.031686
74, 1.49443, 0.76
74, 0.76, 1.49443
75, 0.648489, 0.763158
75, 0.763158, 0.648489
76, -0.124283, 0.766234
76, 0.766234, -0.124283
77, 0.0619838, 0.75641
77, 0.75641, 0.0619838
78, 0.625119, 0.746835
78, 0.746835, 0.625119
79, 0.347815, 0.7375
79, 0.7375, 0.347815
80, 1.56739, 0.728395
80, 0.728395, 1.56739
81, 0.336298, 0.719512
81, 0.719512, 0.336298
82, 1.84379, 0.710843
82, 0.710843, 1.84379
83, 2.41838, 0.702381
83, 0.702381, 2.41838
84, 2.17272, 0.694118
84, 0.694118, 2.17272
85, -1.16144, 0.697674
85, 0.697674, -1.16144
86, 0.0120436, 0.701149
86, 0.701149, 0.0120436
87, -0.111328, 0.704545
87, 0.704545, -0.111328
88, 1.07402, 0.696629
88, 0.696629, 1.07402
89, 1.953, 0.7
89, 0.7, 1.953
90, 1.79162, 0.692308
90, 0.692308, 1.79162
91, 2.12248, 0.684783
91, 0.684783, 2.12248
92, 1.4928, 0.688172
92, 0.688172, 1.4928
93, 1.37672, 0.680851
93, 0.680851, 1.37672
94, -1.17658, 0.684211
94, 0.684211, -1.17658
95, 2.175, 0.677083
95, 0.677083, 2.175
96, 2.13072, 0.680412
96, 0.680412, 2.13072
97, -0.21127, 0.683673
97, 0.683673, -0.21127
98, -0.173039, 0.686869
98, 0.686869, -0.173039
99, 0.459306, 0.69
99, 0.69, 0.459306
100, -0.187545, 0.693069
100, 0.693069, -0.187545
101, 0.491848, 0.696078
101, 0.696078, 0.491848
102, 0.913452, 0.68932
102, 0.68932, 0.913452
103, 0.330798, 0.682692
103, 0.682692, 0.330798
104, -0.0955411, 0.685714
104, 0.685714, -0.0955411
105, 0.422328, 0.688679
105, 0.688679, 0.422328
106, 0.388422, 0.691589
106, 0.691589, 0.388422
107, 0.70307, 0.685185
107, 0.685185, 0.70307
108, 1.38396, 0.678899
108, 0.678899, 1.38396
109, -0.0600215, 0.681818
109, 0.681818, -0.0600215
110, 0.739972, 0.675676
110, 0.675676, 0.739972
111, -0.770381, 0.678571
111, 0.678571, -0.770381
112, 0.17997, 0.681416
112, 0.681416, 0.17997
113, 0.119968, 0.684211
113, 0.684211, 0.119968
114, 0.815856, 0.678261
114, 0.678261, 0.815856
115, 0.673545, 0.672414
115, 0.672414, 0.673545
116, 1.1473, 0.666667
116, 0.666667, 1.1473
117, 1.16354, 0.661017
117, 0.661017, 1.16354
118, 0.210573, 0.663866
118, 0.663866, 0.210573
119, 1.16239, 0.666667
119, 0.666667, 1.16239
120, 2.47573, 0.669421
120, 0.669421, 2.47573
121, 0.336085, 0.663934
121, 0.663934, 0.336085
122, -0.329859, 0.666667
122, 0.666667, -0.329859
123, -0.677218, 0.669355
123, 0.669355, -0.677218
124, -0.174987, 0.672
124, 0.672, -0.174987
125, 1.3804, 0.666667
125, 0.666667, 1.3804
126, -0.247324, 0.669291
126, 0.669291, -0.247324
127, -0.440615, 0.671875
127, 0.671875, -0.440615
128, 1.46554, 0.666667
128, 0.666667, 1.46554
129, 2.66638, 0.661538
129, 0.661538, 2.66638
130, 0.411812, 0.656489
130, 0.656489, 0.411812
131, 1.13687, 0.651515
131, 0.651515, 1.13687
132, -1.4629, 0.654135
132, 0.654135, -1.4629
133, 3.20502, 0.649254
133, 0.649254, 3.20502
134, 1.39959, 0.644444
134, 0.644444, 1.39959
135, 1.67433, 0.647059
135, 0.647059, 1.67433
136, -1.6837, 0.649635
136, 0.649635, -1.6837
137, -0.526348, 0.652174
137, 0.652174, -0.526348
138, 0.334299, 0.654676
138, 0.654676, 0.334299
139, -1.25451, 0.657143
139, 0.657143, -1.25451
140, 1.273, 0.652482
140, 0.652482, 1.273
141, 0.125231, 0.65493
141, 0.65493, 0.125231
142, -0.0716263, 0.657343
142, 0.657343, -0.0716263
143, -0.331146, 0.659722
143, 0.659722, -0.331146
144, -0.855671, 0.662069
144, 0.662069, -0.855671
145, -3.12669, 0.664384
145, 0.664384, -3.12669
146, 0.0767704, 0.666667
146, 0.666667, 0.0767704
147, 2.53737, 0.662162
147, 0.662162, 2.53737
148, -0.123825, 0.66443
148, 0.66443, -0.123825
149, 0.69073, 0.666667
149, 0.666667, 0.69073
150, 0.873348, 0.668874
150, 0.668874, 0.873348
151, 2.32226, 0.664474
151, 0.664474, 2.32226
152, 0.533792, 0.666667
152, 0.666667, 0.533792
153, 1.21163, 0.668831
153, 0.668831, 1.21163
154, -0.24679, 0.670968
154, 0.670968, -0.24679
155, 2.81958, 0.666667
155, 0.666667, 2.81958
156, 1.77816, 0.66242
156, 0.66242, 1.77816
157, -2.24165, 0.664557
157, 0.664557, -2.24165
158, 2.06008, 0.660377
158, 0.660377, 2.06008
159, 2.72985, 0.65625
159, 0.65625, 2.72985
160, -0.490317, 0.658385
160, 0.658385, -0.490317
161, 0.941574, 0.660494
161, 0.660494, 0.941574
162, 0.167381, 0.662577
162, 0.662577, 0.167381
163, 1.33173, 0.658537
163, 0.658537, 1.33173
164, -0.240804, 0.660606
164, 0.660606, -0.240804
165, 0.787562, 0.662651
165, 0.662651, 0.787562
166, 2.29721, 0.658683
166, 0.658683, 2.29721
167, 2.65131, 0.654762
167, 0.654762, 2.65131
168, 0.653209, 0.650888
168, 0.650888, 0.653209
169, 1.44958, 0.647059
169, 0.647059, 1.44958
170, 1.19987, 0.649123
170, 0.649123, 1.19987
171, -1.20732, 0.651163
171, 0.651163, -1.20732
172, 0.437643, 0.653179
172, 0.653179, 0.437643
173, 0.142225, 0.649425
173, 0.649425, 0.142225
174, 1.61988, 0.645714
174, 0.645714, 1.61988
175, 1.53577, 0.647727
175, 0.647727, 1.53577
176, 1.34964, 0.644068
176, 0.644068, 1.34964
177, 1.83063, 0.640449
177, 0.640449, 1.83063
178, 0.962562, 0.636872
178, 0.636872, 0.962562
179, -0.307519, 0.638889
179, 0.638889, -0.307519
180, 0.334597, 0.640884
180, 0.640884, 0.334597
181, -0.626034, 0.642857
181, 0.642857, -0.626034
182, 0.298798, 0.644809
182, 0.644809, 0.298798
183, 1.40207, 0.641304
183, 0.641304, 1.40207
184, 0.380293, 0.637838
184, 0.637838, 0.380293
185, 1.19825, 0.639785
185, 0.639785, 1.19825
186, 0.153547, 0.641711
186, 0.641711, 0.153547
187, -0.631508, 0.643617
187, 0.643617, -0.631508
188, 1.39273, 0.640212
188, 0.640212, 1.39273
189, 2.06258, 0.636842
189, 0.636842, 2.06258
190, -2.13017, 0.638743
190, 0.638743, -2.13017
191, 0.0448852, 0.640625
191, 0.640625, 0.0448852
192, -0.282745, 0.642487
192, 0.642487, -0.282745
193, 0.12106, 0.64433
193, 0.64433, 0.12106
194, 0.686062, 0.641026
194, 0.641026, 0.686062
195, 0.604668, 0.642857
195, 0.642857, 0.604668
196, 0.952756, 0.64467
196, 0.64467, 0.952756
197, -1.16433, 0.646465
197, 0.646465, -1.16433
198, 0.398152, 0.648241
198, 0.648241, 0.398152
199, 0.364915, 0.65
199, 0.65, 0.364915
200, 0.288842, 0.651741
200, 0.651741, 0.288842
201, 0.48647, 0.648515
201, 0.648515, 0.48647
202, -0.568604, 0.650246
202, 0.650246, -0.568604
203, -0.703244, 0.651961
203, 0.651961, -0.703244
204, -1.00505, 0.653659
204, 0.653659, -1.00505
205, 0.18339, 0.65534
205, 0.65534, 0.18339
206, 1.27997, 0.652174
206, 0.652174, 1.27997
207, 1.08457, 0.649038
207, 0.649038, 1.08457
208, 1.93429, 0.645933
208, 0.645933, 1.93429
209, 1.96821, 0.642857
209, 0.642857, 1.96821
210, 0.675998, 0.64455
210, 0.64455, 0.675998
211, 0.742974, 0.646226
211, 0.646226, 0.742974
212, -0.211189, 0.647887
212, 0.647887, -0.211189
213, 0.450419, 0.649533
213, 0.649533, 0.450419
214, -0.449347, 0.651163
214, 0.651163, -0.449347
215, 0.134663, 0.652778
215, 0.652778, 0.134663
216, -0.534142, 0.654378
216, 0.654378, -0.534142
217, 0.81226, 0.655963
217, 0.655963, 0.81226
218, 1.52709, 0.652968
218, 0.652968, 1.52709
219, -1.1827, 0.654545
219, 0.654545, -1.1827
220, -0.425055, 0.656109
220, 0.656109, -0.425055
221, 0.630129, 0.653153
221, 0.653153, 0.630129
222, 0.404362, 0.654709
222, 0.654709, 0.404362
223, 2.42577, 0.651786
223, 0.651786, 2.42577
224, 1.67038, 0.648889
224, 0.648889, 1.67038
225, -0.02913, 0.650442
225, 0.650442, -0.02913
226, 1.0653, 0.647577
226, 0.647577, 1.0653
227, 0.616923, 0.649123
227, 0.649123, 0.616923
228, -0.0980959, 0.650655
228, 0.650655, -0.0980959
229, -0.209651, 0.652174
229, 0.652174, -0.209651
230, 1.70576, 0.649351
230, 0.649351, 1.70576
231, 1.82121, 0.646552
231, 0.646552, 1.82121
232, 1.43725, 0.643777
232, 0.643777, 1.43725
233, 2.41853, 0.641026
233, 0.641026, 2.41853
234, 1.17533, 0.642553
234, 0.642553, 1.17533
235, -0.429754, 0.644068
235, 0.644068, -0.429754
236, -0.571192, 0.64557
236, 0.64557, -0.571192
237, 1.25988, 0.642857
237, 0.642857, 1.25988
238, 0.603442, 0.644351
238, 0.644351, 0.603442
239, 0.423044, 0.645833
239, 0.645833, 0.423044
240, 0.823971, 0.647303
240, 0.647303, 0.823971
241, 0.0596932, 0.64876
241, 0.64876, 0.0596932
242, 0.57973, 0.650206
242, 0.650206, 0.57973
243, 1.68119, 0.647541
243, 0.647541, 1.68119
244, -1.4464, 0.64898
244, 0.64898, -1.4464
245, 2.74583, 0.646341
245, 0.646341, 2.74583
246, 3.25606, 0.643725
246, 0.643725, 3.25606
247, 1.87569, 0.641129
247, 0.641129, 1.87569
248, 1.73718, 0.638554
248, 0.638554, 1.73718
249, 1.01733, 0.64
249, 0.64, 1.01733
250, 0.219383, 0.641434
250, 0.641434, 0.219383
251, 1.69833, 0.638889
251, 0.638889, 1.69833
252, -0.155318, 0.640316
252, 0.640316, -0.155318
253, 2.57888, 0.641732
253, 0.641732, 2.57888
254, -1.23768, 0.643137
254, 0.643137, -1.23768
255, 0.915143, 0.640625
255, 0.640625, 0.915143
256, -0.661187, 0.642023
256, 0.642023, -0.661187
257, 0.628007, 0.643411
257, 0.643411, 0.628007
258, 0.726899, 0.644788
258, 0.644788, 0.726899
259, -1.76583, 0.646154
259, 0.646154, -1.76583
260, 1.02706, 0.643678
260, 0.643678, 1.02706
261, -0.384461, 0.645038
261, 0.645038, -0.384461
262, -1.21267, 0.646388
262, 0.646388, -1.21267
263, 0.502349, 0.643939
263, 0.643939, 0.502349
264, 1.41107, 0.641509
264, 0.641509, 1.41107
265, 2.34128, 0.642857
265, 0.642857, 2.34128
266, -0.785977, 0.644195
266, 0.644195, -0.785977
267, -0.347492, 0.645522
267, 0.645522, -0.347492
268, -0.146661, 0.64684
268, 0.64684, -0.146661
269, 0.716918, 0.648148
269, 0.648148, 0.716918
270, 1.05447, 0.649446
270, 0.649446, 1.05447
271, 0.687109, 0.647059
271, 0.647059, 0.687109
272, 1.21196, 0.644689
272, 0.644689, 1.21196
273, -1.13282, 0.645985
273, 0.645985, -1.13282
274, 1.5003, 0.643636
274, 0.643636, 1.5003
275, -0.191533, 0.644928
275, 0.644928, -0.191533
276, 0.937264, 0.642599
276, 0.642599, 0.937264
277, 0.847425, 0.643885
277, 0.643885, 0.847425
278, 0.282971, 0.645161
278, 0.645161, 0.282971
279, 2.5768, 0.642857
279, 0.642857, 2.5768
280, -0.995824, 0.644128
280, 0.644128, -0.995824
281, 1.85587, 0.641844
281, 0.641844, 1.85587
282, 0.788641, 0.639576
282, 0.639576, 0.788641
283, 1.94457, 0.637324
283, 0.637324, 1.94457
284, 2.4488, 0.635088
284, 0.635088, 2.4488
285, 1.48638, 0.632867
285, 0.632867, 1.48638
286, 1.40928, 0.634146
286, 0.634146, 1.40928
287, 1.84316, 0.631944
287, 0.631944, 1.84316
288, 1.43034, 0.629758
288, 0.629758, 1.43034
289, 2.34091, 0.627586
289, 0.627586, 2.34091
290, 1.47793, 0.62543
290, 0.62543, 1.47793
291, 0.155287, 0.626712
291, 0.626712, 0.155287
292, 0.647762, 0.627986
292, 0.627986, 0.647762
293, -0.112059, 0.629252
293, 0.629252, -0.112059
294, 0.848832, 0.630508
294, 0.630508, 0.848832
295, 2.39389, 0.628378
295, 0.628378, 2.39389
296, 2.90229, 0.626263
296, 0.626263, 2.90229
297, -0.793166, 0.627517
297, 0.627517, -0.793166
298, 1.56344, 0.628763
298, 0.628763, 1.56344
299, 2.20708, 0.63
299, 0.63, 2.20708
